# you may include comments here
recursionlevel 6
camera 50 25 100 50 50 0 0 1 0 -5
bounds -2 2 -2 2 
res 256 256
ambient 0.2 0.2 0.2
light 0 100 100 1 0.3 0.3 0.3
light 50 100 100 1 0.3 0.3 0.3
light 100 100 100 1 0.3 0.3 0.3
light 20 -100 100 1 0.2 0.2 0.2
light 80 -100 100 1 0.2 0.2 0.2
trans rota 0.0 0.0 1.0 45
trans scale 25 25 25
trans move 50 50 0
cutoffAngle 0
load checker.obj
trans clear
trans rota 0.0 1.0 0.0 -90
trans scale 15 15 15
trans move 57.5 42.6 0
cutoffAngle 0
load two_triangles.obj
sphere 50 37 51 9 0.0 0.0 0.0 0.0 0.0 0.0 0.0 0.0 0.0 0.0 0.0 0.0 2.0
sphere 50 77 0 5 0.8 0.0 0.0 0.8 0.8 0.0 0.4 0.4 0.4 1.0 1.0 1.0 0
sphere 23 50 0 5 0.8 0.0 0.0 0.8 0.0 0.0 0.4 0.4 0.4 1.0 1.0 1.0 0
sphere 50 23 0 5 0.0 0.0 0.8 0.0 0.0 0.8 0.4 0.4 0.4 1.0 1.0 1.0 0
sphere 77 50 0 5 0.0 0.8 0.0 0.0 0.8 0.0 1.0 1.0 1.0 1.0 1.0 1.0 0
sphere 50 50 -10000000010 10000000000 0.1 0.1 0.1 0.1 0.1 0.1 0.4 0.4 0.4 1.0 1.0 1.0 0
sphere 78 91 -3 7 0.0 0.0 0.8 0.0 0.0 0.8 0.4 0.4 0.4 1.0 1.0 1.0 0
sphere 88 80 -3 7 0.8 0.0 0.0 0.8 0.8 0.0 0.4 0.4 0.4 1.0 1.0 1.0 0
sphere 21 91 -3 7 0.8 0.0 0.0 0.8 0.0 0.0 0.4 0.4 0.4 1.0 1.0 1.0 0
sphere 12 79 -3 7 0.0 0.8 0.0 0.0 0.8 0.0 0.4 0.4 0.4 1.0 1.0 1.0 0